[gd_scene load_steps=8 format=2]

[ext_resource path="res://icon.png" type="Texture" id=1]
[ext_resource path="res://humber.tscn" type="PackedScene" id=2]

[sub_resource type="BoxShape" id=1]
extents = Vector3( 50, 1, 50 )

[sub_resource type="ORMSpatialMaterial" id=2]
albedo_texture = ExtResource( 1 )
uv1_triplanar = true
uv1_triplanar_sharpness = 1.0

[sub_resource type="CubeMesh" id=3]
material = SubResource( 2 )
size = Vector3( 100, 2, 100 )

[sub_resource type="CylinderShape" id=6]

[sub_resource type="CylinderMesh" id=5]

[node name="word" type="Spatial"]

[node name="StaticBody" type="StaticBody" parent="."]

[node name="CollisionShape" type="CollisionShape" parent="StaticBody"]
shape = SubResource( 1 )

[node name="MeshInstance" type="MeshInstance" parent="StaticBody/CollisionShape"]
mesh = SubResource( 3 )

[node name="humber" parent="." instance=ExtResource( 2 )]
transform = Transform( 1, 0, 0, 0, 1, 0, 0, 0, 1, 0, 1.0416, 0 )
mass = 326.531

[node name="RigidBody" type="RigidBody" parent="."]
transform = Transform( 1, 0, 0, 0, 1, 0, 0, 0, 1, 0, 2, -28 )

[node name="CollisionShape" type="CollisionShape" parent="RigidBody"]
shape = SubResource( 6 )

[node name="MeshInstance" type="MeshInstance" parent="RigidBody/CollisionShape"]
mesh = SubResource( 5 )

[node name="RigidBody2" type="RigidBody" parent="."]
transform = Transform( 1, 0, 0, 0, 1, 0, 0, 0, 1, 2, 2, -28 )

[node name="CollisionShape" type="CollisionShape" parent="RigidBody2"]
shape = SubResource( 6 )

[node name="MeshInstance" type="MeshInstance" parent="RigidBody2/CollisionShape"]
mesh = SubResource( 5 )

[node name="RigidBody3" type="RigidBody" parent="."]
transform = Transform( 1, 0, 0, 0, 1, 0, 0, 0, 1, 4, 2, -28 )

[node name="CollisionShape" type="CollisionShape" parent="RigidBody3"]
shape = SubResource( 6 )

[node name="MeshInstance" type="MeshInstance" parent="RigidBody3/CollisionShape"]
mesh = SubResource( 5 )

[node name="RigidBody4" type="RigidBody" parent="."]
transform = Transform( 1, 0, 0, 0, 1, 0, 0, 0, 1, 6, 2, -28 )

[node name="CollisionShape" type="CollisionShape" parent="RigidBody4"]
shape = SubResource( 6 )

[node name="MeshInstance" type="MeshInstance" parent="RigidBody4/CollisionShape"]
mesh = SubResource( 5 )

[node name="RigidBody5" type="RigidBody" parent="."]
transform = Transform( 1, 0, 0, 0, 1, 0, 0, 0, 1, 8, 2, -28 )

[node name="CollisionShape" type="CollisionShape" parent="RigidBody5"]
shape = SubResource( 6 )

[node name="MeshInstance" type="MeshInstance" parent="RigidBody5/CollisionShape"]
mesh = SubResource( 5 )

[node name="RigidBody6" type="RigidBody" parent="."]
transform = Transform( 1, 0, 0, 0, 1, 0, 0, 0, 1, 1, 4, -28 )

[node name="CollisionShape" type="CollisionShape" parent="RigidBody6"]
shape = SubResource( 6 )

[node name="MeshInstance" type="MeshInstance" parent="RigidBody6/CollisionShape"]
mesh = SubResource( 5 )

[node name="RigidBody7" type="RigidBody" parent="."]
transform = Transform( 1, 0, 0, 0, 1, 0, 0, 0, 1, 3, 4, -28 )

[node name="CollisionShape" type="CollisionShape" parent="RigidBody7"]
shape = SubResource( 6 )

[node name="MeshInstance" type="MeshInstance" parent="RigidBody7/CollisionShape"]
mesh = SubResource( 5 )

[node name="RigidBody8" type="RigidBody" parent="."]
transform = Transform( 1, 0, 0, 0, 1, 0, 0, 0, 1, 5, 4, -28 )

[node name="CollisionShape" type="CollisionShape" parent="RigidBody8"]
shape = SubResource( 6 )

[node name="MeshInstance" type="MeshInstance" parent="RigidBody8/CollisionShape"]
mesh = SubResource( 5 )

[node name="RigidBody9" type="RigidBody" parent="."]
transform = Transform( 1, 0, 0, 0, 1, 0, 0, 0, 1, 7, 4, -28 )

[node name="CollisionShape" type="CollisionShape" parent="RigidBody9"]
shape = SubResource( 6 )

[node name="MeshInstance" type="MeshInstance" parent="RigidBody9/CollisionShape"]
mesh = SubResource( 5 )

[node name="RigidBody10" type="RigidBody" parent="."]
transform = Transform( 1, 0, 0, 0, 1, 0, 0, 0, 1, 6, 6, -28 )

[node name="CollisionShape" type="CollisionShape" parent="RigidBody10"]
shape = SubResource( 6 )

[node name="MeshInstance" type="MeshInstance" parent="RigidBody10/CollisionShape"]
mesh = SubResource( 5 )

[node name="RigidBody11" type="RigidBody" parent="."]
transform = Transform( 1, 0, 0, 0, 1, 0, 0, 0, 1, 4, 6, -28 )

[node name="CollisionShape" type="CollisionShape" parent="RigidBody11"]
shape = SubResource( 6 )

[node name="MeshInstance" type="MeshInstance" parent="RigidBody11/CollisionShape"]
mesh = SubResource( 5 )

[node name="RigidBody12" type="RigidBody" parent="."]
transform = Transform( 1, 0, 0, 0, 1, 0, 0, 0, 1, 2, 6, -28 )

[node name="CollisionShape" type="CollisionShape" parent="RigidBody12"]
shape = SubResource( 6 )

[node name="MeshInstance" type="MeshInstance" parent="RigidBody12/CollisionShape"]
mesh = SubResource( 5 )

[node name="RigidBody13" type="RigidBody" parent="."]
transform = Transform( 1, 0, 0, 0, 1, 0, 0, 0, 1, 3, 8, -28 )

[node name="CollisionShape" type="CollisionShape" parent="RigidBody13"]
shape = SubResource( 6 )

[node name="MeshInstance" type="MeshInstance" parent="RigidBody13/CollisionShape"]
mesh = SubResource( 5 )

[node name="RigidBody14" type="RigidBody" parent="."]
transform = Transform( 1, 0, 0, 0, 1, 0, 0, 0, 1, 5, 8, -28 )

[node name="CollisionShape" type="CollisionShape" parent="RigidBody14"]
shape = SubResource( 6 )

[node name="MeshInstance" type="MeshInstance" parent="RigidBody14/CollisionShape"]
mesh = SubResource( 5 )

[node name="RigidBody15" type="RigidBody" parent="."]
transform = Transform( 1, 0, 0, 0, 1, 0, 0, 0, 1, 4, 10, -28 )

[node name="CollisionShape" type="CollisionShape" parent="RigidBody15"]
shape = SubResource( 6 )

[node name="MeshInstance" type="MeshInstance" parent="RigidBody15/CollisionShape"]
mesh = SubResource( 5 )

[node name="RigidBody16" type="RigidBody" parent="."]
transform = Transform( 1, 0, 0, 0, 1, 0, 0, 0, 1, 11, 2, -28 )

[node name="CollisionShape" type="CollisionShape" parent="RigidBody16"]
transform = Transform( 0.866025, 0, -0.5, 0, 1, 0, 0.5, 0, 0.866025, 0.535898, 0, -2 )
shape = SubResource( 6 )

[node name="MeshInstance" type="MeshInstance" parent="RigidBody16/CollisionShape"]
mesh = SubResource( 5 )

[node name="RigidBody17" type="RigidBody" parent="."]
transform = Transform( 1, 0, 0, 0, 1, 0, 0, 0, 1, 13, 2, -28 )

[node name="CollisionShape" type="CollisionShape" parent="RigidBody17"]
transform = Transform( 0.866025, 0, -0.5, 0, 1, 0, 0.5, 0, 0.866025, 0.26795, 0, -1 )
shape = SubResource( 6 )

[node name="MeshInstance" type="MeshInstance" parent="RigidBody17/CollisionShape"]
mesh = SubResource( 5 )

[node name="RigidBody18" type="RigidBody" parent="."]
transform = Transform( 1, 0, 0, 0, 1, 0, 0, 0, 1, 15, 2, -28 )

[node name="CollisionShape" type="CollisionShape" parent="RigidBody18"]
transform = Transform( 0.866025, 0, -0.5, 0, 1, 0, 0.5, 0, 0.866025, 0, 0, 0 )
shape = SubResource( 6 )

[node name="MeshInstance" type="MeshInstance" parent="RigidBody18/CollisionShape"]
mesh = SubResource( 5 )

[node name="RigidBody19" type="RigidBody" parent="."]
transform = Transform( 1, 0, 0, 0, 1, 0, 0, 0, 1, 17, 2, -28 )

[node name="CollisionShape" type="CollisionShape" parent="RigidBody19"]
transform = Transform( 0.866025, 0, -0.5, 0, 1, 0, 0.5, 0, 0.866025, -0.26795, 0, 1 )
shape = SubResource( 6 )

[node name="MeshInstance" type="MeshInstance" parent="RigidBody19/CollisionShape"]
mesh = SubResource( 5 )

[node name="RigidBody20" type="RigidBody" parent="."]
transform = Transform( 1, 0, 0, 0, 1, 0, 0, 0, 1, 19, 2, -28 )

[node name="CollisionShape" type="CollisionShape" parent="RigidBody20"]
transform = Transform( 0.866025, 0, -0.5, 0, 1, 0, 0.5, 0, 0.866025, -0.535898, 0, 2 )
shape = SubResource( 6 )

[node name="MeshInstance" type="MeshInstance" parent="RigidBody20/CollisionShape"]
mesh = SubResource( 5 )

[node name="RigidBody21" type="RigidBody" parent="."]
transform = Transform( 1, 0, 0, 0, 1, 0, 0, 0, 1, 12, 4, -28 )

[node name="CollisionShape" type="CollisionShape" parent="RigidBody21"]
transform = Transform( 0.866025, 0, -0.5, 0, 1, 0, 0.5, 0, 0.866025, 0.401922, 0, -1.5 )
shape = SubResource( 6 )

[node name="MeshInstance" type="MeshInstance" parent="RigidBody21/CollisionShape"]
mesh = SubResource( 5 )

[node name="RigidBody22" type="RigidBody" parent="."]
transform = Transform( 1, 0, 0, 0, 1, 0, 0, 0, 1, 14, 4, -28 )

[node name="CollisionShape" type="CollisionShape" parent="RigidBody22"]
transform = Transform( 0.866025, 0, -0.5, 0, 1, 0, 0.5, 0, 0.866025, 0.133974, 0, -0.5 )
shape = SubResource( 6 )

[node name="MeshInstance" type="MeshInstance" parent="RigidBody22/CollisionShape"]
mesh = SubResource( 5 )

[node name="RigidBody23" type="RigidBody" parent="."]
transform = Transform( 1, 0, 0, 0, 1, 0, 0, 0, 1, 16, 4, -28 )

[node name="CollisionShape" type="CollisionShape" parent="RigidBody23"]
transform = Transform( 0.866025, 0, -0.5, 0, 1, 0, 0.5, 0, 0.866025, -0.133974, 0, 0.5 )
shape = SubResource( 6 )

[node name="MeshInstance" type="MeshInstance" parent="RigidBody23/CollisionShape"]
transform = Transform( 0.5, 0, -0.866025, 0, 1, 0, 0.866025, 0, 0.5, 0, 0, 0 )
mesh = SubResource( 5 )

[node name="RigidBody24" type="RigidBody" parent="."]
transform = Transform( 1, 0, 0, 0, 1, 0, 0, 0, 1, 18, 4, -28 )

[node name="CollisionShape" type="CollisionShape" parent="RigidBody24"]
transform = Transform( 0.866025, 0, -0.5, 0, 1, 0, 0.5, 0, 0.866025, -0.401924, 0, 1.5 )
shape = SubResource( 6 )

[node name="MeshInstance" type="MeshInstance" parent="RigidBody24/CollisionShape"]
mesh = SubResource( 5 )

[node name="RigidBody25" type="RigidBody" parent="."]
transform = Transform( 1, 0, 0, 0, 1, 0, 0, 0, 1, 17, 6, -28 )

[node name="CollisionShape" type="CollisionShape" parent="RigidBody25"]
transform = Transform( 0.866025, 0, -0.5, 0, 1, 0, 0.5, 0, 0.866025, -0.26795, 0, 1 )
shape = SubResource( 6 )

[node name="MeshInstance" type="MeshInstance" parent="RigidBody25/CollisionShape"]
mesh = SubResource( 5 )

[node name="RigidBody26" type="RigidBody" parent="."]
transform = Transform( 1, 0, 0, 0, 1, 0, 0, 0, 1, 15, 6, -28 )

[node name="CollisionShape" type="CollisionShape" parent="RigidBody26"]
transform = Transform( 0.866025, 0, -0.5, 0, 1, 0, 0.5, 0, 0.866025, 0, 0, 0 )
shape = SubResource( 6 )

[node name="MeshInstance" type="MeshInstance" parent="RigidBody26/CollisionShape"]
mesh = SubResource( 5 )

[node name="RigidBody27" type="RigidBody" parent="."]
transform = Transform( 1, 0, 0, 0, 1, 0, 0, 0, 1, 13, 6, -28 )

[node name="CollisionShape" type="CollisionShape" parent="RigidBody27"]
transform = Transform( 0.866025, 0, -0.5, 0, 1, 0, 0.5, 0, 0.866025, 0.26795, 0, -1 )
shape = SubResource( 6 )

[node name="MeshInstance" type="MeshInstance" parent="RigidBody27/CollisionShape"]
mesh = SubResource( 5 )

[node name="RigidBody28" type="RigidBody" parent="."]
transform = Transform( 1, 0, 0, 0, 1, 0, 0, 0, 1, 14, 8, -28 )

[node name="CollisionShape" type="CollisionShape" parent="RigidBody28"]
transform = Transform( 0.866025, 0, -0.5, 0, 1, 0, 0.5, 0, 0.866025, 0.133974, 0, -0.5 )
shape = SubResource( 6 )

[node name="MeshInstance" type="MeshInstance" parent="RigidBody28/CollisionShape"]
mesh = SubResource( 5 )

[node name="RigidBody29" type="RigidBody" parent="."]
transform = Transform( 1, 0, 0, 0, 1, 0, 0, 0, 1, 16, 8, -28 )

[node name="CollisionShape" type="CollisionShape" parent="RigidBody29"]
transform = Transform( 0.866025, 0, -0.5, 0, 1, 0, 0.5, 0, 0.866025, -0.133974, 0, 0.5 )
shape = SubResource( 6 )

[node name="MeshInstance" type="MeshInstance" parent="RigidBody29/CollisionShape"]
mesh = SubResource( 5 )

[node name="RigidBody30" type="RigidBody" parent="."]
transform = Transform( 1, 0, 0, 0, 1, 0, 0, 0, 1, 15, 10, -28 )

[node name="CollisionShape" type="CollisionShape" parent="RigidBody30"]
transform = Transform( 0.866025, 0, -0.5, 0, 1, 0, 0.5, 0, 0.866025, 0, 0, 0 )
shape = SubResource( 6 )

[node name="MeshInstance" type="MeshInstance" parent="RigidBody30/CollisionShape"]
mesh = SubResource( 5 )

[node name="RigidBody31" type="RigidBody" parent="."]
transform = Transform( 0.866025, 0, 0.5, 0, 1, 0, -0.5, 0, 0.866025, -11.4641, 2, -26 )

[node name="CollisionShape" type="CollisionShape" parent="RigidBody31"]
shape = SubResource( 6 )

[node name="MeshInstance" type="MeshInstance" parent="RigidBody31/CollisionShape"]
mesh = SubResource( 5 )

[node name="RigidBody32" type="RigidBody" parent="."]
transform = Transform( 0.866025, 0, 0.5, 0, 1, 0, -0.5, 0, 0.866025, -9.73205, 2, -27 )

[node name="CollisionShape" type="CollisionShape" parent="RigidBody32"]
shape = SubResource( 6 )

[node name="MeshInstance" type="MeshInstance" parent="RigidBody32/CollisionShape"]
mesh = SubResource( 5 )

[node name="RigidBody33" type="RigidBody" parent="."]
transform = Transform( 0.866025, 0, 0.5, 0, 1, 0, -0.5, 0, 0.866025, -8, 2, -28 )

[node name="CollisionShape" type="CollisionShape" parent="RigidBody33"]
shape = SubResource( 6 )

[node name="MeshInstance" type="MeshInstance" parent="RigidBody33/CollisionShape"]
mesh = SubResource( 5 )

[node name="RigidBody34" type="RigidBody" parent="."]
transform = Transform( 0.866025, 0, 0.5, 0, 1, 0, -0.5, 0, 0.866025, -6.26795, 2, -29 )

[node name="CollisionShape" type="CollisionShape" parent="RigidBody34"]
shape = SubResource( 6 )

[node name="MeshInstance" type="MeshInstance" parent="RigidBody34/CollisionShape"]
mesh = SubResource( 5 )

[node name="RigidBody35" type="RigidBody" parent="."]
transform = Transform( 0.866025, 0, 0.5, 0, 1, 0, -0.5, 0, 0.866025, -4.5359, 2, -30 )

[node name="CollisionShape" type="CollisionShape" parent="RigidBody35"]
shape = SubResource( 6 )

[node name="MeshInstance" type="MeshInstance" parent="RigidBody35/CollisionShape"]
mesh = SubResource( 5 )

[node name="RigidBody36" type="RigidBody" parent="."]
transform = Transform( 0.866025, 0, 0.5, 0, 1, 0, -0.5, 0, 0.866025, -10.5981, 4, -26.5 )

[node name="CollisionShape" type="CollisionShape" parent="RigidBody36"]
shape = SubResource( 6 )

[node name="MeshInstance" type="MeshInstance" parent="RigidBody36/CollisionShape"]
mesh = SubResource( 5 )

[node name="RigidBody37" type="RigidBody" parent="."]
transform = Transform( 0.866025, 0, 0.5, 0, 1, 0, -0.5, 0, 0.866025, -8.86602, 4, -27.5 )

[node name="CollisionShape" type="CollisionShape" parent="RigidBody37"]
shape = SubResource( 6 )

[node name="MeshInstance" type="MeshInstance" parent="RigidBody37/CollisionShape"]
mesh = SubResource( 5 )

[node name="RigidBody38" type="RigidBody" parent="."]
transform = Transform( 0.866025, 0, 0.5, 0, 1, 0, -0.5, 0, 0.866025, -7.13397, 4, -28.5 )

[node name="CollisionShape" type="CollisionShape" parent="RigidBody38"]
shape = SubResource( 6 )

[node name="MeshInstance" type="MeshInstance" parent="RigidBody38/CollisionShape"]
mesh = SubResource( 5 )

[node name="RigidBody39" type="RigidBody" parent="."]
transform = Transform( 0.866025, 0, 0.5, 0, 1, 0, -0.5, 0, 0.866025, -5.40192, 4, -29.5 )

[node name="CollisionShape" type="CollisionShape" parent="RigidBody39"]
shape = SubResource( 6 )

[node name="MeshInstance" type="MeshInstance" parent="RigidBody39/CollisionShape"]
mesh = SubResource( 5 )

[node name="RigidBody40" type="RigidBody" parent="."]
transform = Transform( 0.866025, 0, 0.5, 0, 1, 0, -0.5, 0, 0.866025, -6.26795, 6, -29 )

[node name="CollisionShape" type="CollisionShape" parent="RigidBody40"]
shape = SubResource( 6 )

[node name="MeshInstance" type="MeshInstance" parent="RigidBody40/CollisionShape"]
mesh = SubResource( 5 )

[node name="RigidBody41" type="RigidBody" parent="."]
transform = Transform( 0.866025, 0, 0.5, 0, 1, 0, -0.5, 0, 0.866025, -8, 6, -28 )

[node name="CollisionShape" type="CollisionShape" parent="RigidBody41"]
shape = SubResource( 6 )

[node name="MeshInstance" type="MeshInstance" parent="RigidBody41/CollisionShape"]
mesh = SubResource( 5 )

[node name="RigidBody42" type="RigidBody" parent="."]
transform = Transform( 0.866025, 0, 0.5, 0, 1, 0, -0.5, 0, 0.866025, -9.73205, 6, -27 )

[node name="CollisionShape" type="CollisionShape" parent="RigidBody42"]
shape = SubResource( 6 )

[node name="MeshInstance" type="MeshInstance" parent="RigidBody42/CollisionShape"]
mesh = SubResource( 5 )

[node name="RigidBody43" type="RigidBody" parent="."]
transform = Transform( 0.866025, 0, 0.5, 0, 1, 0, -0.5, 0, 0.866025, -8.86602, 8, -27.5 )

[node name="CollisionShape" type="CollisionShape" parent="RigidBody43"]
shape = SubResource( 6 )

[node name="MeshInstance" type="MeshInstance" parent="RigidBody43/CollisionShape"]
mesh = SubResource( 5 )

[node name="RigidBody44" type="RigidBody" parent="."]
transform = Transform( 0.866025, 0, 0.5, 0, 1, 0, -0.5, 0, 0.866025, -7.13397, 8, -28.5 )

[node name="CollisionShape" type="CollisionShape" parent="RigidBody44"]
shape = SubResource( 6 )

[node name="MeshInstance" type="MeshInstance" parent="RigidBody44/CollisionShape"]
mesh = SubResource( 5 )

[node name="RigidBody45" type="RigidBody" parent="."]
transform = Transform( 0.866025, 0, 0.5, 0, 1, 0, -0.5, 0, 0.866025, -8, 10, -28 )

[node name="CollisionShape" type="CollisionShape" parent="RigidBody45"]
shape = SubResource( 6 )

[node name="MeshInstance" type="MeshInstance" parent="RigidBody45/CollisionShape"]
mesh = SubResource( 5 )
